0 0.692586 0.687111
100 0.152185 0.260129
200 0.152088 0.23838
300 0.216695 0.151714
400 0.260061 0.259965
500 0.173355 0.281621
600 0.151678 0.173309
700 0.216637 0.238288
800 0.173313 0.238279
900 0.238286 0.151638
1000 0.129992 0.151637
1100 0.303262 0.151635
1200 0.108322 0.238273
1300 0.173297 0.281597
1400 0.216633 0.151631
1500 0.12997 0.151632
1600 0.10831 0.19495
1700 0.238276 0.17329
1800 0.173292 0.173289
1900 0.194951 0.194952
2000 0.19495 0.19495
2100 0.194951 0.238272
2200 0.129968 0.173288
2300 0.259933 0.151627
2400 0.281593 0.173288
2500 0.173289 0.259931
2600 0.151636 0.0866457
2700 0.19495 0.151627
2800 0.259931 0.108305
2900 0.0649838 0.0649835
3000 0.194949 0.216609
3100 0.0866451 0.129966
3200 0.173289 0.194948
3300 0.129968 0.194948
3400 0.151627 0.129965
3500 0.151627 0.129965
3600 0.108305 0.281591
3700 0.173287 0.129966
3800 0.194948 0.129965
3900 0.108305 0.173287
4000 0.151627 0.108305
4100 0.151627 0.173287
4200 0.0866437 0.108304
4300 0.108305 0.151627
4400 0.173287 0.194948
4500 0.0866445 0.151626
4600 0.194948 0.194948
4700 0.108305 0.173287
4800 0.194948 0.151626
4900 0.129966 0.194948
5000 0.129966 0.151626
5100 0.194948 0.151626
5200 0.173287 0.238269
5300 0.108304 0.281591
5400 0.216609 0.129965
5500 0.194948 0.151626
5600 0.0649827 0.25993
5700 0.324913 0.216609
5800 0.173287 0.173287
5900 0.238269 0.129965
6000 0.303252 0.0649827
6100 0.151626 0.0649827
6200 0.216609 0.173287
6300 0.129965 0.238269
6400 0.151626 0.216609
6500 0.238269 0.194948
6600 0.108304 0.216609
6700 0.129965 0.151626
6800 0.194948 0.216609
6900 0.216609 0.194948
7000 0.151626 0.216609
7100 0.129965 0.216609
7200 0.173287 0.173287
7300 0.151626 0.129965
7400 0.216609 0.108304
7500 0.194948 0.25993
7600 0.238269 0.25993
7700 0.194948 0.129965
7800 0.151626 0.151626
7900 0.194948 0.0866434
8000 0.108304 0.173287
8100 0.129965 0.194948
8200 0.108304 0.194948
8300 0.238269 0.151626
8400 0.129965 0.173287
8500 0.151626 0.25993
8600 0.194948 0.194948
8700 0.173287 0.216608
8800 0.129965 0.25993
8900 0.108304 0.281591
9000 0.129965 0.0866434
9100 0.173287 0.173287
9200 0.151626 0.216609
9300 0.151626 0.25993
9400 0.129965 0.0433217
9500 0.346574 0.129965
9600 0.129965 0.0649826
9700 0.173287 0.129965
9800 0.151626 0.238269
9900 0.0649826 0.194948
